config:
  dropout: 0.1344750743169514
  forecast_horizon: 1
  learning_rate: 1.2062794083215403e-05
  num_hidden_layers: 5
  num_inputs: 339
  num_neurons_per_hidden_layer: 512
  output_size: 333
  weight_decay: 0.00034540391620427
