config:
  dropout: 0.008223253147383536
  forecast_horizon: 1
  learning_rate: 0.0006603855327338816
  num_hidden_layers: 7
  num_inputs: 339
  num_neurons_per_hidden_layer: 1024
  output_size: 333
  weight_decay: 2.9134538745003503e-05
