config:
  dropout: 0.2444438149912411
  forecast_horizon: 1
  learning_rate: 0.0003022833131163293
  num_hidden_layers: 4
  num_inputs: 339
  num_neurons_per_hidden_layer: 256
  output_size: 333
  weight_decay: 0.008860756149204122
