config:
  dropout: 0.06853911743605198
  forecast_horizon: 1
  learning_rate: 0.00034896301211601483
  num_hidden_layers: 5
  num_inputs: 339
  num_neurons_per_hidden_layer: 128
  output_size: 333
  weight_decay: 0.0001262772739830123
