config:
  dropout: 0.29162015853730944
  forecast_horizon: 1
  learning_rate: 1.6971974099573648e-05
  num_hidden_layers: 4
  num_inputs: 339
  num_neurons_per_hidden_layer: 256
  output_size: 333
  weight_decay: 0.0008277660642538667
