config:
  dropout: 0.21719401271390237
  forecast_horizon: 1
  learning_rate: 0.0003479982523787426
  num_hidden_layers: 7
  num_inputs: 339
  num_neurons_per_hidden_layer: 768
  output_size: 333
  weight_decay: 0.0006694115138718758
