config:
  dropout: 0.0223435108164048
  forecast_horizon: 1
  learning_rate: 0.0006099230297145472
  num_hidden_layers: 5
  num_inputs: 339
  num_neurons_per_hidden_layer: 896
  output_size: 333
  weight_decay: 0.00041681107998418876
