config:
  dropout: 0.18261089667596694
  forecast_horizon: 1
  learning_rate: 0.009731232931639803
  num_hidden_layers: 6
  num_inputs: 339
  num_neurons_per_hidden_layer: 640
  output_size: 333
  weight_decay: 0.008986303655642368
