config:
  dropout: 0.1844999680796079
  forecast_horizon: 1
  learning_rate: 0.0008880848616588826
  num_hidden_layers: 6
  num_inputs: 339
  num_neurons_per_hidden_layer: 128
  output_size: 333
  weight_decay: 0.006894118805284862
