num_layers=6
hidden_units=128
learning_rate=0.0008880848616588826
batch_size=64
forecast_horizon=1
dropout=0.1844999680796079
weight_decay=0.006894118805284862
