config:
  dropout: 0.19620897237584864
  forecast_horizon: 1
  learning_rate: 2.586006543531609e-05
  num_hidden_layers: 4
  num_inputs: 339
  num_neurons_per_hidden_layer: 512
  output_size: 333
  weight_decay: 0.00024633588400523775
