config:
  dropout: 0.15077592084308158
  forecast_horizon: 1
  learning_rate: 4.1334109971682044e-05
  num_hidden_layers: 2
  num_inputs: 339
  num_neurons_per_hidden_layer: 128
  output_size: 333
  weight_decay: 0.0003537889327160298
